Word	Cond_Prob	Norm_Prob	Count
unredacted	1.0	0.10521104286716126	19
intensive	1.0	0.10521104286716126	25
uptick	1.0	0.10521104286716126	24
drastic	1.0	0.10521104286716126	39
undeniable	1.0	0.10521104286716126	20
indisputable	1.0	0.10521104286716126	11
unilateral	1.0	0.10521104286716126	26
aerial	1.0	0.10521104286716126	28
war-torn	1.0	0.10521104286716126	20
mid-february	1.0	0.10521104286716126	10
verifiable	1.0	0.10521104286716126	11
undertaken	1.0	0.10521104286716126	17
tumultuous	1.0	0.10521104286716126	54
well-positioned	1.0	0.10521104286716126	10
long-promised	1.0	0.10521104286716126	31
then-presidential	1.0	0.10521104286716126	22
50th	1.0	0.10521104286716126	21
51-49	1.0	0.10521104286716126	11
elusive	1.0	0.10521104286716126	26
hard-edged	1.0	0.10521104286716126	12
unregistered	1.0	0.10521104286716126	24
pro-russian	1.0	0.10521104286716126	60
election-year	1.0	0.10521104286716126	20
then-russian	1.0	0.10521104286716126	10
seven-year	1.0	0.10521104286716126	15
unarmed	1.0	0.10521104286716126	20
conceivable	1.0	0.10521104286716126	11
incendiary	1.0	0.10521104286716126	45
60-vote	1.0	0.10521104286716126	22
flourish	1.0	0.10521104286716126	20
full-blown	1.0	0.10521104286716126	19
family-based	1.0	0.10521104286716126	28
lesser-known	1.0	0.10521104286716126	12
full-scale	1.0	0.10521104286716126	10
narcissistic	1.0	0.10521104286716126	13
israeli-palestinian	1.0	0.10521104286716126	12
legendary	1.0	0.10521104286716126	41
oblivious	1.0	0.10521104286716126	13
iran-contra	1.0	0.10521104286716126	19
geopolitical	1.0	0.10521104286716126	23
vociferous	1.0	0.10521104286716126	13
ex-british	1.0	0.10521104286716126	12
emissary	1.0	0.10521104286716126	13
12-year	1.0	0.10521104286716126	15
poisonous	1.0	0.10521104286716126	17
angered	1.0	0.10521104286716126	71
50-per-night	1.0	0.10521104286716126	10
unrealistic	1.0	0.10521104286716126	12
transactional	1.0	0.10521104286716126	20
dishonorable	1.0	0.10521104286716126	14
unprompted	1.0	0.10521104286716126	12
contemporaneous	1.0	0.10521104286716126	31
unconfirmed	1.0	0.10521104286716126	10
lavish	1.0	0.10521104286716126	51
fictional	1.0	0.10521104286716126	12
ex-national	1.0	0.10521104286716126	12
righteous	1.0	0.10521104286716126	16
untruthful	1.0	0.10521104286716126	65
unfold	1.0	0.10521104286716126	13
gop-led	1.0	0.10521104286716126	11
deep-red	1.0	0.10521104286716126	13
unintended	1.0	0.10521104286716126	30
first-term	1.0	0.10521104286716126	32
ominous	1.0	0.10521104286716126	33
northeastern	1.0	0.10521104286716126	16
70-year-old	1.0	0.10521104286716126	19
50-50	1.0	0.10521104286716126	10
emphatic	1.0	0.10521104286716126	12
well-established	1.0	0.10521104286716126	14
unconcerned	1.0	0.10521104286716126	13
skeptic	1.0	0.10521104286716126	19
erratic	1.0	0.10521104286716126	31
blue-collar	1.0	0.10521104286716126	68
resemble	1.0	0.10521104286716126	12
audacious	1.0	0.10521104286716126	14
atomic	1.0	0.10521104286716126	12
16-year	1.0	0.10521104286716126	10
outlandish	1.0	0.10521104286716126	24
un-american	1.0	0.10521104286716126	25
immigration-related	1.0	0.10521104286716126	11
100-day	1.0	0.10521104286716126	17
neoconservative	1.0	0.10521104286716126	11
pre-emptive	1.0	0.10521104286716126	14
unapologetic	1.0	0.10521104286716126	18
lebanese	1.0	0.10521104286716126	24
unmistakable	1.0	0.10521104286716126	13
suspicious	1.0	0.10521104286716126	62
go-between	1.0	0.10521104286716126	11
scramble	1.0	0.10521104286716126	31
government-funded	1.0	0.10521104286716126	14
intermediary	1.0	0.10521104286716126	25
intrusive	1.0	0.10521104286716126	17
russian-born	1.0	0.10521104286716126	13
35-page	1.0	0.10521104286716126	15
then-white	1.0	0.10521104286716126	16
unearthed	1.0	0.10521104286716126	10
unreported	1.0	0.10521104286716126	14
ill-advised	1.0	0.10521104286716126	15
sloppy	1.0	0.10521104286716126	22
unpatriotic	1.0	0.10521104286716126	19
nauseous	1.0	0.10521104286716126	18
irrational	1.0	0.10521104286716126	16
seasonal	1.0	0.10521104286716126	13
irreconcilable	1.0	0.10521104286716126	10
numbered	1.0	0.10521104286716126	19
automotive	1.0	0.10521104286716126	10
uttered	1.0	0.10521104286716126	19
swedish	1.0	0.10521104286716126	14
ushered	1.0	0.10521104286716126	14
senate-confirmed	1.0	0.10521104286716126	16
eight-term	1.0	0.10521104286716126	11
uninterested	1.0	0.10521104286716126	10
full-throated	1.0	0.10521104286716126	38
then-republican	1.0	0.10521104286716126	11
psychographic	1.0	0.10521104286716126	10
autocratic	1.0	0.10521104286716126	15
speculative	1.0	0.10521104286716126	13
prosecutorial	1.0	0.10521104286716126	37
sensational	1.0	0.10521104286716126	18
trump-branded	1.0	0.10521104286716126	17
short-lived	1.0	0.10521104286716126	36
panamanian	1.0	0.10521104286716126	15
tactical	1.0	0.10521104286716126	25
unresolved	1.0	0.10521104286716126	11
reciprocal	1.0	0.10521104286716126	23
indispensable	1.0	0.10521104286716126	15
doral	1.0	0.10521104286716126	32
merit-based	1.0	0.10521104286716126	47
perilous	1.0	0.10521104286716126	22
line-item	1.0	0.10521104286716126	13
antagonistic	1.0	0.10521104286716126	10
deep-seated	1.0	0.10521104286716126	11
weary	1.0	0.10521104286716126	17
semi-automatic	1.0	0.10521104286716126	18
geographic	1.0	0.10521104286716126	11
multibillion-dollar	1.0	0.10521104286716126	14
u.s.-russia	1.0	0.10521104286716126	26
admiral	1.0	0.10521104286716126	51
unfinished	1.0	0.10521104286716126	14
perpetual	1.0	0.10521104286716126	15
invisible	1.0	0.10521104286716126	10
like-minded	1.0	0.10521104286716126	15
colombian	1.0	0.10521104286716126	16
olive	1.0	0.10521104286716126	14
house-passed	1.0	0.10521104286716126	20
cumulative	1.0	0.10521104286716126	18
utilized	1.0	0.10521104286716126	21
gop-controlled	1.0	0.10521104286716126	57
2,232-page	1.0	0.10521104286716126	12
fastest	1.0	0.10521104286716126	10
four-year	1.0	0.10521104286716126	24
authoritarian	1.0	0.10521104286716126	72
quickest	1.0	0.10521104286716126	10
decade-long	1.0	0.10521104286716126	11
inexcusable	1.0	0.10521104286716126	26
24-48	1.0	0.10521104286716126	10
indefensible	1.0	0.10521104286716126	13
literal	1.0	0.10521104286716126	10
long-sought	1.0	0.10521104286716126	17
diary	1.0	0.10521104286716126	13
open-ended	1.0	0.10521104286716126	13
up-or-down	1.0	0.10521104286716126	11
ill-fated	1.0	0.10521104286716126	16
6-foot-8	1.0	0.10521104286716126	13
fractious	1.0	0.10521104286716126	15
first-year	1.0	0.10521104286716126	10
anti-american	1.0	0.10521104286716126	16
neo-nazis	1.0	0.10521104286716126	70
half-baked	1.0	0.10521104286716126	12
wrest	1.0	0.10521104286716126	11
impeccable	1.0	0.10521104286716126	12
antithetical	1.0	0.10521104286716126	11
well-funded	1.0	0.10521104286716126	19
serial	1.0	0.10521104286716126	19
understated	1.0	0.10521104286716126	12
five-month	1.0	0.10521104286716126	14
bombastic	1.0	0.10521104286716126	22
coal-fired	1.0	0.10521104286716126	16
spiritual	1.0	0.10521104286716126	16
undisciplined	1.0	0.10521104286716126	10
prestigious	1.0	0.10521104286716126	13
co-owned	1.0	0.10521104286716126	23
unimpeded	1.0	0.10521104286716126	14
trillion-dollar	1.0	0.10521104286716126	21
russia-linked	1.0	0.10521104286716126	12
ferocious	1.0	0.10521104286716126	12
untouchable	1.0	0.10521104286716126	13
theological	1.0	0.10521104286716126	10
leary	1.0	0.10521104286716126	10
unfulfilled	1.0	0.10521104286716126	13
unloaded	1.0	0.10521104286716126	13
uninformed	1.0	0.10521104286716126	20
unsolicited	1.0	0.10521104286716126	10
populous	1.0	0.10521104286716126	10
unpleasant	1.0	0.10521104286716126	12
gun-free	1.0	0.10521104286716126	14
unfaithful	1.0	0.10521104286716126	11
slower	1.0	0.10521104286716126	14
u.s.-led	1.0	0.10521104286716126	26
puppy	1.0	0.10521104286716126	11
u.s.-based	1.0	0.10521104286716126	12
term-limited	1.0	0.10521104286716126	18
20-year	1.0	0.10521104286716126	21
assault-style	1.0	0.10521104286716126	16
'sanctuary	1.0	0.10521104286716126	14
respectable	1.0	0.10521104286716126	14
endemic	1.0	0.10521104286716126	13
papadopolous	1.0	0.10521104286716126	19
53-year-old	1.0	0.10521104286716126	12
'untruthful	1.0	0.10521104286716126	15
undid	1.0	0.10521104286716126	13
unrepentant	1.0	0.10521104286716126	11
boulder-sized	1.0	0.10521104286716126	14
20-member	1.0	0.10521104286716126	13
unverifiable	1.0	0.10521104286716126	15
life-long	1.0	0.10521104286716126	13
nine-month	1.0	0.10521104286716126	17
narco-terrorist	1.0	0.10521104286716126	10
nazarian	1.0	0.10521104286716126	10
pro-american	1.0	0.10521104286716126	75
business-first	1.0	0.10521104286716126	14
lunatic	1.0	0.10521104286716126	16
portuguese	1.0	0.10521104286716126	13
anglo-american	1.0	0.10521104286716126	15
evangelistic	1.0	0.10521104286716126	50
2-r	1.0	0.10521104286716126	10
24-year	1.0	0.10521104286716126	16
week-old	1.0	0.10521104286716126	13
pre-inaugural	1.0	0.10521104286716126	11
18-chapter	1.0	0.10521104286716126	19
ever-ambitious	1.0	0.10521104286716126	22
ribble	1.0	0.10521104286716126	10
1986-present	1.0	0.10521104286716126	12
1982-1986.	1.0	0.10521104286716126	12
unverified	0.9906542056074766	0.09582130251732236	107
postal	0.9887640449438202	0.09391148761322791	89
inaugural	0.9885057471264368	0.09365022046608533	174
infamous	0.9857142857142858	0.09082230541506177	140
irresponsible	0.9846153846153847	0.08970685633119606	65
israeli	0.9845360824742269	0.08962631185046303	194
unethical	0.9841269841269841	0.08921070152072008	63
al-assad	0.9840425531914894	0.08912490511553683	188
ukrainian	0.983739837398374	0.08881723309148498	123
unpredictable	0.9836065573770492	0.08868174091595075	61
salacious	0.9834710743801653	0.08854399038194959	121
russian	0.9818958502847844	0.08694100784172873	4916
bilateral	0.9811320754716981	0.08616284789646679	53
bible	0.9811320754716981	0.08616284789646679	53
two-year	0.9807692307692307	0.08579295701005958	52
duncan	0.979253112033195	0.08424591440211632	241
enable	0.9791666666666666	0.08415763366932896	48
u.s.-mexico	0.9782608695652174	0.08323213614838612	184
guilty	0.9781553398058253	0.08312425546431783	824
evangelical	0.978021978021978	0.0829879060824511	91
alarmed	0.9767441860465116	0.08168054545696704	43
japanese	0.9764705882352941	0.08140039417344277	85
questionable	0.9759036144578314	0.08081958974300216	83
intellectual	0.9754098360655737	0.08031349124543408	122
nuclear	0.9751499571550986	0.0800470252668815	1167
volatile	0.9743589743589743	0.07923555646390061	39
underscored	0.9743589743589743	0.07923555646390061	39
classic	0.9736842105263158	0.07854279578500004	38
untethered	0.9736842105263158	0.07854279578500004	38
heinous	0.9736842105263158	0.07854279578500004	38
unauthorized	0.9734513274336283	0.07830358994723687	113
special	0.9730673316708229	0.07790904374960292	4010
russia-related	0.9722222222222222	0.07704016590046506	36
mexican	0.9721448467966574	0.07696057658130953	359
unprecedented	0.9714285714285714	0.07622350599390901	245
unified	0.9714285714285714	0.07622350599390901	70
impartial	0.9714285714285714	0.07622350599390901	35
undisclosed	0.9714285714285714	0.07622350599390901	70
explosive	0.9714285714285714	0.07622350599390901	105
baltic	0.9705882352941176	0.07535807971748021	34
beneficial	0.9705882352941176	0.07535807971748021	34
egyptian	0.9705882352941176	0.07535807971748021	34
10-day	0.9696969696969697	0.07443938420040759	33
undersecretary	0.9696969696969697	0.07443938420040759	66
unhinged	0.9696969696969697	0.07443938420040759	33
honorable	0.9692307692307692	0.07395849936305693	65
sit-down	0.96875	0.07346234455258101	32
stable	0.96875	0.07346234455258101	64
prosperous	0.96875	0.07346234455258101	32
outstanding	0.9682539682539683	0.07295018064893992	63
rapid	0.967741935483871	0.07242122004417054	62
nefarious	0.967741935483871	0.07242122004417054	31
municipal	0.967741935483871	0.07242122004417054	31
nice	0.9675925925925926	0.07226688714780716	216
arbitrary	0.9666666666666667	0.07130949119148006	30
factual	0.9666666666666667	0.07130949119148006	30
hypothetical	0.9666666666666667	0.07130949119148006	30
arctic	0.9666666666666667	0.07130949119148006	30
wide	0.9662522202486679	0.07088066158341354	563
far-right	0.9655172413793104	0.0701197230558913	58
bureaucratic	0.9655172413793104	0.0701197230558913	29
tarkanian	0.9655172413793104	0.0701197230558913	29
chaotic	0.9651162790697675	0.06970435441025159	86
anti-muslim	0.9642857142857143	0.0688433986962865	56
psychological	0.9642857142857143	0.0688433986962865	28
precarious	0.9642857142857143	0.0688433986962865	28
multilateral	0.9642857142857143	0.0688433986962865	28
diplomatic	0.9639344262295082	0.0684790335984313	305
procedural	0.9636363636363636	0.06816977118681224	55
aggressive	0.963302752293578	0.06782351079554091	327
environmental	0.9630225080385852	0.06753254824343133	622
costly	0.9629629629629629	0.06747071488431411	81
unknown	0.9629629629629629	0.06747071488431411	108
dubious	0.9629629629629629	0.06747071488431411	54
incapable	0.9629629629629629	0.06747071488431411	27
justified	0.9625	0.0669898300469636	80
australian	0.9622641509433962	0.0667447620393652	53
constant	0.9617834394904459	0.06624507433377765	157
trumpian	0.9615384615384616	0.06599032971387998	26
unfettered	0.9615384615384616	0.06599032971387998	26
unsealed	0.9615384615384616	0.06599032971387998	52
logistical	0.9615384615384616	0.06599032971387998	26
multinational	0.9615384615384616	0.06599032971387998	26
non-partisan	0.9615384615384616	0.06599032971387998	26
one-sided	0.9615384615384616	0.06599032971387998	26
foreign	0.9612431444241316	0.06568315274096091	2735
contrary	0.9611650485436893	0.06560190477211553	103
eastern	0.9607843137254902	0.06520570825346209	153
bubble	0.9605263157894737	0.06493714372922135	76
patriotic	0.96	0.06438904834690613	50
draconian	0.96	0.06438904834690613	25
raucous	0.96	0.06438904834690613	25
flexible	0.96	0.06438904834690613	25
regulatory	0.9597701149425287	0.0641495560693873	174
palestinian	0.9595375722543352	0.06390723672592545	173
neo-nazi	0.9591836734693877	0.06353834646659325	49
short-term	0.9585798816568047	0.06290866317647201	169
catastrophic	0.9583333333333334	0.0626514284483654	48
ethnic	0.9583333333333334	0.0626514284483654	48
unchanged	0.9583333333333334	0.0626514284483654	24
prospective	0.9583333333333334	0.0626514284483654	48
institutional	0.9583333333333334	0.0626514284483654	48
vigorous	0.9583333333333334	0.0626514284483654	24
integral	0.9583333333333334	0.0626514284483654	24
rid	0.958041958041958	0.062347338435378916	143
annual	0.957983193277311	0.06228599815012742	357
grand	0.9576837416481069	0.061973363812514996	449
casual	0.9574468085106383	0.06172593092742253	47
military	0.9571106094808126	0.06137472805398329	2658
worse	0.956953642384106	0.06121071360472375	302
long-shot	0.9565217391304348	0.06075928029632741	23
laughable	0.9565217391304348	0.06075928029632741	23
consecutive	0.9565217391304348	0.06075928029632741	23
50-a-night	0.9565217391304348	0.06075928029632741	23
unannounced	0.9565217391304348	0.06075928029632741	23
unopposed	0.9565217391304348	0.06075928029632741	23
five-year	0.9565217391304348	0.06075928029632741	23
romantic	0.9565217391304348	0.06075928029632741	46
controversial	0.956386292834891	0.060617667324342636	642
inclined	0.9558823529411765	0.06009060758669182	68
terrible	0.95578231292517	0.05998594486222544	294
skeptical	0.9556962025316456	0.05989584665511881	158
republican-controlled	0.9555555555555556	0.0597486687904039	90
extraordinary	0.9553072625698324	0.05948879352906627	179
weak	0.9548387096774194	0.05899819971202982	310
accessible	0.9545454545454546	0.05869102723226842	22
kremlin-linked	0.9545454545454546	0.05869102723226842	22
decades-long	0.9545454545454546	0.05869102723226842	22
sanctimonious	0.9545454545454546	0.05869102723226842	22
artificial	0.9545454545454546	0.05869102723226842	22
upgraded	0.9545454545454546	0.05869102723226842	22
upper	0.9538461538461539	0.05795815801661585	65
operative	0.9534883720930233	0.05758299387790663	86
little-known	0.9534883720930233	0.05758299387790663	43
rhetorical	0.9534883720930233	0.05758299387790663	43
low	0.9533678756476683	0.05745661157126123	386
true	0.9533333333333334	0.05742037903081286	750
impulsive	0.9523809523809523	0.056420878697729306	42
months-long	0.9523809523809523	0.056420878697729306	21
foreseeable	0.9523809523809523	0.056420878697729306	21
underestimated	0.9523809523809523	0.056420878697729306	21
unleashed	0.9516129032258065	0.055614101727789265	62
stupid	0.9514563106796117	0.0554495333080974	103
economic	0.9513888888888888	0.0553786691192855	1296
newest	0.9512195121951219	0.05520062229249985	41
unlawful	0.9512195121951219	0.05520062229249985	41
memorable	0.9512195121951219	0.05520062229249985	41
taxpayer-funded	0.9512195121951219	0.05520062229249985	41
unnecessary	0.9504132231404959	0.05435262563367031	121
scientific	0.95	0.05391774847961073	80
two-week	0.95	0.05391774847961073	20
customary	0.95	0.05391774847961073	20
expansive	0.95	0.05391774847961073	40
intentional	0.95	0.05391774847961073	20
long-awaited	0.95	0.05391774847961073	20
unemployed	0.95	0.05391774847961073	20
syrian	0.9496402877697842	0.05353903232284042	834
solid	0.9494949494949495	0.05338597500257525	99
sharp	0.9493670886075949	0.05325130393645011	158
earliest	0.9491525423728814	0.05302528969659114	59
ordinary	0.9491525423728814	0.05302528969659114	59
gorsuch	0.9491059147180193	0.05297616292494708	727
unexpected	0.9489795918367347	0.052843057349845346	98
long-term	0.948905109489051	0.052764567494618705	137
broad	0.948905109489051	0.052764567494618705	274
pathetic	0.9487179487179487	0.0525673093817393	39
impeachable	0.9487179487179487	0.0525673093817393	39
massive	0.9483568075117371	0.05218657455894095	426
dramatic	0.9482758620689655	0.05210121755321285	174
inevitable	0.9482758620689655	0.05210121755321285	58
familiar	0.9481927710843373	0.052013590493920785	830
electoral	0.948051948051948	0.05186506216186865	231
unite	0.948051948051948	0.05186506216186865	77
unsuccessful	0.948051948051948	0.05186506216186865	77
temporary	0.9476439790575916	0.051434646086357054	191
10-point	0.9473684210526315	0.05114382159688548	19
modest	0.9473684210526315	0.05114382159688548	57
ballistic	0.9473684210526315	0.05114382159688548	57
existential	0.9473684210526315	0.05114382159688548	19
pro-amnesty	0.9473684210526315	0.05114382159688548	19
recreational	0.9473684210526315	0.05114382159688548	38
52-48	0.9473684210526315	0.05114382159688548	19
low-skilled	0.9473684210526315	0.05114382159688548	19
worst	0.9467787114845938	0.05052115657054098	357
advanced	0.9466666666666667	0.05040280637216617	75
fantastic	0.9466666666666667	0.05040280637216617	75
total	0.9465116279069767	0.050239019622148155	430
undermined	0.9459459459459459	0.049641191712350576	74
insensitive	0.9459459459459459	0.049641191712350576	37
arrive	0.9456521739130435	0.0493305844727046	92
fiscal	0.9455587392550143	0.049231775125259995	349
possible	0.9455351488283724	0.049206826150709565	1579
latest	0.9452590420332356	0.04891477236882916	1023
french	0.9448275862068966	0.048458226274711795	145
russian-american	0.9444444444444444	0.04805262902721267	18
usual	0.9444444444444444	0.04805262902721267	126
palpable	0.9444444444444444	0.04805262902721267	18
characteristic	0.9444444444444444	0.04805262902721267	18
improbable	0.9444444444444444	0.04805262902721267	18
irish	0.9444444444444444	0.04805262902721267	36
unmasked	0.9444444444444444	0.04805262902721267	18
comparable	0.9444444444444444	0.04805262902721267	18
late-night	0.9444444444444444	0.04805262902721267	36
external	0.9444444444444444	0.04805262902721267	18
sarcastic	0.9444444444444444	0.04805262902721267	18
focal	0.9444444444444444	0.04805262902721267	18
71-year-old	0.9444444444444444	0.04805262902721267	18
homosexual	0.9444444444444444	0.04805262902721267	18
general	0.9434485702091336	0.04699761762566357	4686
charitable	0.9433962264150944	0.046942134743185496	53
vietnamese	0.9433962264150944	0.046942134743185496	53
furious	0.9431818181818182	0.046714836185552784	88
six-year	0.9428571428571428	0.046370542844227876	35
elian	0.9428571428571428	0.046370542844227876	35
strongest	0.9425287356321839	0.04602217147683069	87
islamic	0.9423558897243107	0.04583876936719224	399
certain	0.9423368740515933	0.04581859029813283	659
useful	0.9423076923076923	0.04578762239636043	52
outrageous	0.9421487603305785	0.04561894566491562	121
potential	0.9420916162489196	0.045558290896673966	1157
southern	0.941923774954628	0.0453801168801355	551
unsubstantiated	0.9418604651162791	0.045312901286092326	86
white	0.9416229385307346	0.045060680760715094	10672
radical	0.9415204678362573	0.04495185134896447	171
operational	0.9411764705882353	0.0445864210507264	17
technological	0.9411764705882353	0.0445864210507264	17
peruvian	0.9411764705882353	0.0445864210507264	17
retroactive	0.9411764705882353	0.0445864210507264	17
noteworthy	0.9411764705882353	0.0445864210507264	17
self-inflicted	0.9411764705882353	0.0445864210507264	17
sensible	0.9411764705882353	0.0445864210507264	17
soon-to-be	0.9411764705882353	0.0445864210507264	17
sebastian	0.9411764705882353	0.0445864210507264	34
criminal	0.9406150583244963	0.04398974254328339	943
global	0.9404332129963899	0.043796397873244367	554
larger	0.9400921658986175	0.04343368317091824	217
legal	0.9400337837837838	0.04337157869875515	2368
troubled	0.94	0.04333563914907378	100
bad	0.9398976982097187	0.04322680153468694	782
chinese	0.9397810218978102	0.0431026565828819	548
mixed	0.9396551724137931	0.042968733989940354	116
now-infamous	0.9393939393939394	0.04269068588582729	33
unconventional	0.9393939393939394	0.04269068588582729	33
unnamed	0.9387755102040817	0.042032141245629775	98
greatest	0.9383259911894273	0.04155319109518359	227
disastrous	0.9382716049382716	0.0414952284810535	81
similar	0.9381107491856677	0.04132377541590997	614
african	0.937984496124031	0.041189184102230283	129
presidential	0.9376407023863125	0.04082259301373159	4442
applicable	0.9375	0.04067252172959019	16
24-hour	0.9375	0.04067252172959019	16
informal	0.9375	0.04067252172959019	64
noble	0.9375	0.04067252172959019	32
courteous	0.9375	0.04067252172959019	16
20th	0.9375	0.04067252172959019	32
33-year-old	0.9375	0.04067252172959019	32
unreliable	0.9375	0.04067252172959019	16
scary	0.9375	0.04067252172959019	16
senatorial	0.9375	0.04067252172959019	64
victorious	0.9375	0.04067252172959019	16
obnoxious	0.9375	0.04067252172959019	16
multimillion-dollar	0.9375	0.04067252172959019	16
odious	0.9375	0.04067252172959019	16
polish	0.9375	0.04067252172959019	16
european	0.9370860927152318	0.04023092313552928	302
enormous	0.9361702127659575	0.03925307507536388	94
would-be	0.9354838709677419	0.038519668368489114	31
major	0.9354005167958657	0.03843056166315057	1161
limited	0.935064935064935	0.038071740029532807	308
lowest	0.935064935064935	0.038071740029532807	77
despicable	0.9347826086956522	0.03776976207162877	46
separate	0.9345794392523364	0.037552394393346476	428
unrelated	0.9345794392523364	0.037552394393346476	107
accepted	0.9343065693430657	0.037260380958653465	274
republican	0.9339321593192295	0.036859564913996445	8461
united	0.933684794672586	0.03659466621776102	3604
religious	0.933649289099526	0.03655663812908327	422
ludicrous	0.9333333333333333	0.03621817138020988	15
unanimous	0.9333333333333333	0.03621817138020988	45
sizable	0.9333333333333333	0.03621817138020988	30
co-sponsored	0.9333333333333333	0.03621817138020988	30
10-year	0.9333333333333333	0.03621817138020988	30
asia-pacific	0.9333333333333333	0.03621817138020988	15
systematic	0.9333333333333333	0.03621817138020988	15
campaign-related	0.9333333333333333	0.03621817138020988	15
ian	0.9333333333333333	0.03621817138020988	30
rican	0.9333333333333333	0.03621817138020988	15
ambitious	0.9333333333333333	0.03621817138020988	75
14-year-old	0.9333333333333333	0.03621817138020988	30
unlikely	0.9324324324324325	0.03525245426025088	296
alt-right	0.9324324324324325	0.03525245426025088	74
prepared	0.9322429906542056	0.035049264175227926	428
italian	0.9322033898305084	0.035006784193912795	59
final	0.9321148825065274	0.03491183546615436	766
higher	0.9318734793187348	0.03465281755157256	411
lower	0.9318181818181818	0.03459347565320782	308
republican-led	0.9318181818181818	0.03459347565320782	44
smaller	0.9316239316239316	0.03438499029854886	117
referral	0.9315068493150684	0.034259306894876704	73
easier	0.9312977099236641	0.03403476439926641	131
normal	0.9308176100628931	0.03351911441104488	159
critical	0.9308176100628931	0.03351911441104488	636
dangerous	0.9304123711340206	0.03308366157676876	388
big	0.9303448275862068	0.033011063660297005	1450
cynical	0.9302325581395349	0.03289038128753522	43
unusual	0.93	0.03264035003232582	200
generous	0.9298245614035088	0.03245168858473292	57
tiny	0.9298245614035088	0.03245168858473292	57
unclear	0.9296636085626911	0.032278573376129716	327
tough	0.9290540540540541	0.03162268620967231	592
injured	0.9285714285714286	0.031103070713439346	98
eventual	0.9285714285714286	0.031103070713439346	42
conscious	0.9285714285714286	0.031103070713439346	28
atrocious	0.9285714285714286	0.031103070713439346	42
treasonous	0.9285714285714286	0.031103070713439346	56
three-year	0.9285714285714286	0.031103070713439346	14
cathedral	0.9285714285714286	0.031103070713439346	14
nonsensical	0.9285714285714286	0.031103070713439346	14
organizational	0.9285714285714286	0.031103070713439346	14
four-day	0.9285714285714286	0.031103070713439346	14
rigid	0.9285714285714286	0.031103070713439346	14
rosy	0.9285714285714286	0.031103070713439346	14
unsupported	0.9285714285714286	0.031103070713439346	14
inaudible	0.9285714285714286	0.031103070713439346	14
assemble	0.9285714285714286	0.031103070713439346	14
untold	0.9285714285714286	0.031103070713439346	14
contentious	0.928	0.030487496671224905	125
undocumented	0.9277777777777778	0.03024800439370608	360
moral	0.927536231884058	0.02998762162957371	207
recent	0.9275280898876405	0.029978843501158457	1780
great	0.9275092936802974	0.02995857845689559	1614
necessary	0.9272727272727272	0.029703490359016226	385
direct	0.9272727272727272	0.029703490359016226	440
civil	0.9271781534460338	0.0296014937758133	769
complete	0.9271137026239067	0.029531978481398272	343
specific	0.9269521410579346	0.029357700348901877	397
stronger	0.926829268292683	0.029225135889239386	164
inclusive	0.926829268292683	0.029225135889239386	41
interested	0.9260700389105059	0.028405631643416317	514
popular	0.926	0.02832999853120363	500
main	0.9259506337558372	0.028276685831313347	1499
fresh	0.9259259259259259	0.028250001731032887	162
allied	0.9259259259259259	0.028250001731032887	54
civilian	0.9259259259259259	0.028250001731032887	81
arrogant	0.9259259259259259	0.028250001731032887	27
discretionary	0.9259259259259259	0.028250001731032887	27
biggest	0.9258517034068137	0.02816983819738151	499
essential	0.9256198347107438	0.027919368565514722	121
american	0.9254341164453525	0.027718706379630302	3916
industrial	0.9253731343283582	0.02765280852128688	67
illegal	0.9251968503937008	0.027462289992783797	1270
british	0.925	0.027249501397449395	400
racial	0.925	0.027249501397449395	240
federal	0.9247166756610902	0.02694315789646519	3706
likely	0.9246358454718177	0.026855743313901274	1579
last	0.9243853630646084	0.026584808175261484	6996
conventional	0.9240506329113924	0.026222631548530956	79
unconstitutional	0.9236111111111112	0.02574687151291446	144
false	0.9234608985024958	0.025584222078388206	601
southeastern	0.9230769230769231	0.02516833519362486	13
natural	0.9230769230769231	0.02516833519362486	208
anti-immigrant	0.9230769230769231	0.02516833519362486	52
smallest	0.9230769230769231	0.02516833519362486	13
implausible	0.9230769230769231	0.02516833519362486	13
instrumental	0.9230769230769231	0.02516833519362486	39
mysterious	0.9230769230769231	0.02516833519362486	13
unchecked	0.9230769230769231	0.02516833519362486	26
viable	0.9230769230769231	0.02516833519362486	39
unfiltered	0.9230769230769231	0.02516833519362486	13
well-respected	0.9230769230769231	0.02516833519362486	13
onerous	0.9230769230769231	0.02516833519362486	13
top-secret	0.9230769230769231	0.02516833519362486	13
unhealthy	0.9230769230769231	0.02516833519362486	13
84-year-old	0.9230769230769231	0.02516833519362486	13
ultra-conservative	0.9230769230769231	0.02516833519362486	13
conservative	0.9230377166156982	0.025125860625266293	1962
complex	0.9225806451612903	0.024630556207821962	155
previous	0.9224422442244224	0.024480529952946035	606
capable	0.9223300970873787	0.02435894623806634	103
soft	0.922077922077922	0.02408549805479289	77
re-elected	0.921875	0.02386540341320898	64
strategic	0.9216867469879518	0.023661175903053527	166
iranian	0.9216589861751152	0.023631055874738457	217
national	0.9215868588253525	0.023552794637915236	6453
pleased	0.9215686274509803	0.02353301185289405	153
regular	0.9211822660098522	0.023113680679960606	203
open	0.9211775878442545	0.023108602230614412	1053
unhappy	0.9210526315789473	0.022972944630189254	76
finest	0.9210526315789473	0.022972944630189254	38
willing	0.9210110584518167	0.022927807073477434	633
traditional	0.9209302325581395	0.022840045434033816	215
former	0.9204231830726771	0.022289309769739942	8696
numerous	0.9204152249134948	0.022280663536428224	289
february	0.9200913242009132	0.021928694437398037	876
horrendous	0.92	0.02182943392811019	25
predictable	0.92	0.02182943392811019	25
golden	0.9195402298850575	0.02132955888645928	87
central	0.9192100538599641	0.020970427979385184	557
surprised	0.918918918918919	0.02065365483909832	222
ethical	0.918918918918919	0.02065365483909832	148
clear	0.9188078108941419	0.020532735854670355	1946
greater	0.9180327868852459	0.01968886942899932	305
successful	0.9180327868852459	0.01968886942899932	305
highest	0.917910447761194	0.019555598288667302	268
same	0.9175557710960233	0.01916912790207961	2062
bigger	0.9175257731958762	0.01913643409591835	194
typical	0.9175257731958762	0.01913643409591835	97
remarkable	0.9174311926605505	0.019033346626109	109
comfortable	0.9173553719008265	0.018950698582754433	121
fewer	0.9171974522292994	0.018778537094853914	157
average	0.9169960474308301	0.018558925805951112	253
metric	0.9166666666666666	0.018199665877531412	12
pessimistic	0.9166666666666666	0.018199665877531412	12
unpaid	0.9166666666666666	0.018199665877531412	36
surgical	0.9166666666666666	0.018199665877531412	24
satisfied	0.9166666666666666	0.018199665877531412	48
washington-based	0.9166666666666666	0.018199665877531412	12
unfounded	0.9166666666666666	0.018199665877531412	36
advertised	0.9166666666666666	0.018199665877531412	12
unjust	0.9166666666666666	0.018199665877531412	12
unjustified	0.9166666666666666	0.018199665877531412	12
year-long	0.9166666666666666	0.018199665877531412	12
dissatisfied	0.9166666666666666	0.018199665877531412	12
marginal	0.9166666666666666	0.018199665877531412	12
excessive	0.9166666666666666	0.018199665877531412	72
39-year-old	0.9166666666666666	0.018199665877531412	12
nominal	0.9166666666666666	0.018199665877531412	12
unmoved	0.9166666666666666	0.018199665877531412	12
unconditional	0.9166666666666666	0.018199665877531412	12
legislative	0.9163763066202091	0.017882859285304763	574
other	0.9162251655629139	0.017717912285171753	6040
tremendous	0.9161676646706587	0.01765515184284156	167
large	0.9157894736842105	0.017242269921204204	570
unpopular	0.9155844155844156	0.017018330831700533	154
ready	0.9154334038054969	0.016853382377718162	473
entire	0.9154334038054969	0.016853382377718162	473
ideological	0.9153846153846154	0.016800085523108167	130
serious	0.9150805270863837	0.01646783303277272	683
good	0.915035799522673	0.016418953556567646	2095
initial	0.9148936170212766	0.016263556850665082	329
offensive	0.9146341463414634	0.01597990913921863	164
unfolded	0.9142857142857143	0.015598884177474211	35
congressional	0.9141366223908919	0.015435801620274785	2108
significant	0.9140495867768595	0.015340586358654727	605
least	0.9133802816901408	0.014608076588298732	1420
punitive	0.9130434782608695	0.014239264661434537	23
formal	0.9130434782608695	0.014239264661434537	161
white-collar	0.9130434782608695	0.014239264661434537	23
short	0.9129172714078374	0.01410102855394314	689
dead	0.9129032258064517	0.014085643031206973	310
accountable	0.912568306010929	0.013718702442495524	183
detailed	0.9121338912133892	0.013242553724739613	239
related	0.9118257261410788	0.012904645941792641	964
actual	0.9117647058823529	0.012837722736146197	204
disciplinary	0.9117647058823529	0.012837722736146197	34
common	0.9113924050632911	0.01242930941619511	316
agricultural	0.9113924050632911	0.01242930941619511	79
individual	0.9111675126903553	0.012182522057506279	394
aware	0.9111111111111111	0.012120619801149247	405
most	0.910958904109589	0.011953549380578639	3942
impossible	0.9101796407185628	0.011097751296682574	167
notable	0.9101123595505618	0.011023827807460276	89
lawful	0.9101123595505618	0.011023827807460276	89
modern	0.9096774193548387	0.010545816326082928	155
current	0.9096267190569745	0.010490080402872592	1018
additional	0.9094567404426559	0.010303196602763751	497
free	0.9092920353982301	0.010122077531164834	904
international	0.9092558983666061	0.010082334799111624	1102
next	0.9091332712022367	0.00994746029962877	2146
upended	0.9090909090909091	0.00990086306283643	22
unveiled	0.9090909090909091	0.00990086306283643	99
strong	0.9090909090909091	0.00990086306283643	946
irritated	0.9090909090909091	0.00990086306283643	22
four-term	0.9090909090909091	0.00990086306283643	11
insurmountable	0.9090909090909091	0.00990086306283643	11
self-styled	0.9090909090909091	0.00990086306283643	11
gracious	0.9090909090909091	0.00990086306283643	22
archive	0.9090909090909091	0.00990086306283643	22
sustainable	0.9090909090909091	0.00990086306283643	22
dual	0.9090909090909091	0.00990086306283643	22
automatic	0.9090909090909091	0.00990086306283643	33
renewable	0.9090909090909091	0.00990086306283643	33
adversarial	0.9090909090909091	0.00990086306283643	11
spurious	0.9090909090909091	0.00990086306283643	11
unabashed	0.9090909090909091	0.00990086306283643	11
egyptian-american	0.9090909090909091	0.00990086306283643	11
undue	0.9090909090909091	0.00990086306283643	22
19-year-old	0.9090909090909091	0.00990086306283643	22
wrong	0.9084406294706724	0.009185299526042731	699
political	0.9081678700361011	0.008885004292705358	4432
unable	0.907608695652174	0.00826909767493091	184
op-ed	0.907608695652174	0.00826909767493091	184
low-income	0.9074074074074074	0.00804729441351359	54
senior	0.907313997477932	0.007944347559735805	1586
plausible	0.9069767441860465	0.0075725733032452214	43
constitutional	0.9067357512953368	0.007306827885789764	386
obvious	0.9064748201438849	0.007019016687947584	139
self-described	0.90625	0.006770970053908674	32
several	0.9061313076505697	0.0066399906081386776	1843
fundamental	0.905982905982906	0.006476202181472315	117
much	0.905833015630957	0.006310743482823209	2623
few	0.905703422053232	0.006167667610596584	1315
empty	0.9056603773584906	0.006120140222930364	106
crucial	0.9055555555555556	0.006004392783713182	180
such	0.9051191526919682	0.005522359351590169	2266
little	0.9048611111111111	0.005237227421960067	1440
uncommon	0.9047619047619048	0.005127584310178817	21
ineffective	0.9047619047619048	0.005127584310178817	42
soviet	0.9047619047619048	0.005127584310178817	84
pathological	0.9047619047619048	0.005127584310178817	21
financial	0.9039836567926456	0.0042670453445803475	979
narrative	0.903954802259887	0.004235125527159036	177
important	0.90371782650143	0.003972936725885888	1049
rich	0.9036144578313253	0.0038585486068737356	166
urban	0.9035087719298246	0.003741582702301647	114
hard	0.9033970276008493	0.0036178968641724816	942
third	0.9032786885245901	0.0034868948527188785	610
unspecified	0.9032258064516129	0.003428348557218933	31
preliminary	0.9032258064516129	0.003428348557218933	62
notorious	0.9032258064516129	0.003428348557218933	62
real	0.9031746031746032	0.0033716576079139407	1260
heavy	0.9027777777777778	0.0029321937467431457	144
steady	0.9027777777777778	0.0029321937467431457	72
sophisticated	0.9027777777777778	0.0029321937467431457	72
own	0.9025185185185185	0.002644973015638191	3375
problematic	0.9024390243902439	0.002556888807078045	41
red	0.9021956087824351	0.0022871216145276545	501
regional	0.9021739130434783	0.0022630736147190057	92
neutral	0.9019607843137255	0.002026806631930454	51
anti-semitic	0.9019607843137255	0.002026806631930454	51
different	0.9019189765458422	0.001980453467159931	938
vocal	0.901840490797546	0.0018934288391351756	163
indian	0.9016393442622951	0.0016703639263210663	61
new	0.9012789345735123	0.0012705569047665535	9461
alive	0.9012345679012346	0.00122132934311363	81
professional	0.9003831417624522	0.00027614968862679675	261
extensive	0.9	-0.00014947279066494326	130
happy	0.9	-0.00014947279066494326	300
45-year-old	0.9	-0.00014947279066494326	10
epidemic	0.9	-0.00014947279066494326	100
secondary	0.9	-0.00014947279066494326	10
philosophical	0.9	-0.00014947279066494326	20
airborne	0.9	-0.00014947279066494326	10
horrible	0.9	-0.00014947279066494326	90
asian	0.9	-0.00014947279066494326	60
visible	0.9	-0.00014947279066494326	60
irreparable	0.9	-0.00014947279066494326	10
six-month	0.9	-0.00014947279066494326	20
low-key	0.9	-0.00014947279066494326	20
unworkable	0.9	-0.00014947279066494326	10
delighted	0.9	-0.00014947279066494326	20
undeterred	0.9	-0.00014947279066494326	10
unparalleled	0.9	-0.00014947279066494326	10
flat	0.9	-0.00014947279066494326	50
admirable	0.9	-0.00014947279066494326	10
achievable	0.9	-0.00014947279066494326	10
journalistic	0.9	-0.00014947279066494326	20
anti-semite	0.9	-0.00014947279066494326	10
elective	0.9	-0.00014947279066494326	10
apocalyptic	0.9	-0.00014947279066494326	10
mexican-american	0.9	-0.00014947279066494326	10
overzealous	0.9	-0.00014947279066494326	10
jealous	0.9	-0.00014947279066494326	10
unaccountable	0.9	-0.00014947279066494326	10
tyrannical	0.9	-0.00014947279066494326	10
humorous	0.9	-0.00014947279066494326	10
election-night	0.9	-0.00014947279066494326	10
influential	0.8994708994708994	-0.0007375351422193923	189
sensitive	0.8990825688073395	-0.0011693606914104566	218
libertarian	0.8983050847457628	-0.0020344874864362626	118
ridiculous	0.8981481481481481	-0.0022092057536755422	108
second	0.8980978260869565	-0.0022652360100286935	1472
full	0.8978444236176195	-0.0025474304637314827	1067
positive	0.8977777777777778	-0.0026216619360540263	225
sudden	0.8977272727272727	-0.002677919144023742	88
able	0.8975845410628019	-0.002836924018469611	1035
wary	0.8974358974358975	-0.003002541773071456	39
lucky	0.8974358974358975	-0.003002541773071456	39
easy	0.8966789667896679	-0.003846334671991186	271
exaggerated	0.896551724137931	-0.00398824909783072	29
realistic	0.896551724137931	-0.00398824909783072	29
brazilian	0.896551724137931	-0.00398824909783072	29
electric	0.896551724137931	-0.00398824909783072	29
original	0.8962962962962963	-0.004273189974527061	270
vulnerable	0.8962264150943396	-0.00435115964436504	212
longest	0.8961038961038961	-0.004487874389263207	77
effective	0.8955696202531646	-0.005084273076513174	316
humanitarian	0.8955223880597015	-0.005137014301704054	67
so-called	0.8954802259887006	-0.00518409638933249	354
anonymous	0.8952380952380953	-0.005454525020358112	105
easiest	0.8947368421052632	-0.006014592243063046	19
severe	0.8947368421052632	-0.006014592243063046	76
unconscious	0.8947368421052632	-0.006014592243063046	19
investigative	0.8947368421052632	-0.006014592243063046	190
loudest	0.8947368421052632	-0.006014592243063046	19
unwilling	0.8947368421052632	-0.006014592243063046	57
tenuous	0.8947368421052632	-0.006014592243063046	19
unconscionable	0.8947368421052632	-0.006014592243063046	19
various	0.8945868945868946	-0.006182194690451188	351
affordable	0.8943820224719101	-0.006411234014641256	445
independent	0.8941605839416058	-0.006658852976181944	548
angry	0.8940677966101694	-0.006762628682382341	236
largest	0.89375	-0.00711814210675834	320
continued	0.8936521022258862	-0.007227684077297316	1213
considerable	0.8933333333333333	-0.007584451278183061	75
murderous	0.8928571428571429	-0.008117642439841866	28
green	0.8928571428571429	-0.008117642439841866	308
many	0.8923451447119286	-0.008691244840889172	3697
basic	0.8918918918918919	-0.009199308310582906	185
reasonable	0.8918918918918919	-0.009199308310582906	111
curious	0.8918918918918919	-0.009199308310582906	37
historical	0.891566265060241	-0.00956447172526693	83
nervous	0.8913043478260869	-0.009858286917625976	46
famous	0.8913043478260869	-0.009858286917625976	138
responsible	0.8905109489051095	-0.010748838227707003	411
competitive	0.8903225806451613	-0.010960388894880595	155
eligible	0.8899082568807339	-0.011425860858599559	109
internal	0.8895348837209303	-0.011845512553856288	344
extra	0.8888888888888888	-0.012571992789222273	117
suitable	0.8888888888888888	-0.012571992789222273	18
intact	0.8888888888888888	-0.012571992789222273	36
ethic	0.8888888888888888	-0.012571992789222273	18
overall	0.8884297520661157	-0.013088655161862223	242
active	0.8879668049792531	-0.01360987560164231	241
physical	0.8878504672897196	-0.01374089999420408	214
expensive	0.8874172185430463	-0.014228993996851732	151
uphold	0.8870967741935484	-0.01459015694545931	62
probable	0.8867924528301887	-0.014933268974901978	53
acceptable	0.8867924528301887	-0.014933268974901978	53
domestic	0.8864864864864865	-0.015278354386965018	370
commercial	0.8862275449101796	-0.015570495785478722	167
unaccompanied	0.8857142857142857	-0.016149814137106176	35
due	0.8851224105461394	-0.0168182836706732	531
electronic	0.8850574712643678	-0.016891653933738558	87
social	0.8850467289719626	-0.01690379140271236	1070
single	0.8850325379609545	-0.016919825725325525	461
concerned	0.8848920863309353	-0.01707853489111291	556
best	0.8846801346801347	-0.01731808617847774	1188
vicious	0.8846153846153846	-0.017391279225171058	52
identical	0.8846153846153846	-0.017391279225171058	26
sympathetic	0.8846153846153846	-0.017391279225171058	52
particular	0.8838268792710706	-0.018283030584736615	439
safe	0.8835820895522388	-0.018560034633844768	335
nationwide	0.8833333333333333	-0.018841605802817647	120
roundtable	0.8833333333333333	-0.018841605802817647	60
powerful	0.883177570093458	-0.01901795709504778	428
transnational	0.8823529411764706	-0.0199521000868448	17
isolated	0.8823529411764706	-0.0199521000868448	51
atlantic	0.8823529411764706	-0.0199521000868448	204
unprepared	0.8823529411764706	-0.0199521000868448	17
frivolous	0.8823529411764706	-0.0199521000868448	17
college-educated	0.8823529411764706	-0.0199521000868448	17
naive	0.8823529411764706	-0.0199521000868448	17
pharmaceutical	0.8823529411764706	-0.0199521000868448	51
late-term	0.8823529411764706	-0.0199521000868448	17
totalitarian	0.8823529411764706	-0.0199521000868448	17
dynamic	0.8813559322033898	-0.021082682457130783	59
substantive	0.8809523809523809	-0.021540662771982598	42
huge	0.8803418803418803	-0.02223390370095905	351
negative	0.8801369863013698	-0.0224666745059007	292
non-profit	0.88	-0.022622328642723653	25
ninth	0.88	-0.022622328642723653	50
rigorous	0.88	-0.022622328642723653	25
pragmatic	0.8787878787878788	-0.024000688612844913	33
ultimate	0.8782608695652174	-0.024600568654829263	115
widespread	0.8780487804878049	-0.024842085381036532	164
revolutionary	0.8780487804878049	-0.024842085381036532	41
mutual	0.8775510204081632	-0.025409139549902905	49
liberal	0.8767361111111112	-0.026338188553370025	576
personal	0.875195822454308	-0.028096577705556822	1915
unthinkable	0.875	-0.028320349757361384	24
authentic	0.875	-0.028320349757361384	16
hour-long	0.875	-0.028320349757361384	16
invaluable	0.875	-0.028320349757361384	16
comic	0.875	-0.028320349757361384	16
western	0.8744769874476988	-0.028918257099538394	239
incredible	0.8739495798319328	-0.029521551102995446	119
poor	0.8737541528239202	-0.029745189703949914	301
uncertain	0.8734177215189873	-0.03013030500260079	79
academic	0.873015873015873	-0.03059049829190042	63
anxious	0.8727272727272727	-0.03092113145741876	55
reprehensible	0.8717948717948718	-0.03199007864632374	39
whole	0.8702830188679245	-0.03372576832426939	424
unacceptable	0.8699186991869918	-0.03414447804335009	123
difficult	0.869639794168096	-0.03446513989214794	583
humble	0.8695652173913043	-0.03455089950799749	23
one-year	0.868421052631579	-0.03586755539274421	38
worried	0.8682634730538922	-0.036049027129019445	334
invalid	0.8666666666666667	-0.037889800773512054	30
impressed	0.8666666666666667	-0.037889800773512054	60
unqualified	0.8666666666666667	-0.037889800773512054	45
insidious	0.8666666666666667	-0.037889800773512054	15
now-defunct	0.8666666666666667	-0.037889800773512054	15
able-bodied	0.8666666666666667	-0.037889800773512054	15
available	0.8660436137071651	-0.0386089665722175	321
risky	0.8653846153846154	-0.0393701859439463	52
emotional	0.8650793650793651	-0.03972298185517298	126
affirmative	0.8648648648648649	-0.039970966977336556	37
unlimited	0.8648648648648649	-0.039970966977336556	37
local	0.8646907216494846	-0.04017234034437562	776
exclusive	0.8645833333333334	-0.04029654080407694	192
unreasonable	0.8636363636363636	-0.04139243132471409	22
indivisible	0.8636363636363636	-0.04139243132471409	22
german	0.8625	-0.04270908720946088	80
enthusiastic	0.8611111111111112	-0.044320691103802455	72
unanswered	0.8604651162790697	-0.045071160182176676	43
funeral	0.86	-0.045611846867422395	50
intensified	0.86	-0.045611846867422395	50
egregious	0.86	-0.045611846867422395	50
weekly	0.8592592592592593	-0.04647354446490353	135
cultural	0.8584070796460177	-0.04746579734179641	113
innovative	0.8571428571428571	-0.04893963696009702	21
experienced	0.8571428571428571	-0.04893963696009702	105
attractive	0.8571428571428571	-0.04893963696009702	28
productive	0.8571428571428571	-0.04893963696009702	56
residential	0.8571428571428571	-0.04893963696009702	14
profitable	0.8571428571428571	-0.04893963696009702	14
continuous	0.8571428571428571	-0.04893963696009702	21
contemporary	0.8571428571428571	-0.04893963696009702	21
best-known	0.8571428571428571	-0.04893963696009702	14
three-month	0.8571428571428571	-0.04893963696009702	14
musical	0.8571428571428571	-0.04893963696009702	21
unnoticed	0.8571428571428571	-0.04893963696009702	14
undated	0.8571428571428571	-0.04893963696009702	14
daily	0.8561525129982669	-0.050095706453015816	577
hot	0.8551724137931035	-0.05124113394837621	145
high	0.8541882109617374	-0.05239267906515498	967
untrue	0.8541666666666666	-0.05241790133642185	48
african-american	0.8536585365853658	-0.053012962347732874	123
affected	0.8535031847133758	-0.053194962530235416	157
corporate	0.8524590163934426	-0.05441910272472266	305
optimistic	0.852112676056338	-0.05482546913735837	142
technical	0.8513513513513513	-0.055719323945475824	74
valuable	0.8513513513513513	-0.055719323945475824	74
quiet	0.8508771929824561	-0.056276427023951324	114
reliable	0.8505747126436781	-0.056631982583252735	87
fourth	0.8502024291497976	-0.05706976304334722	247
malicious	0.85	-0.05730788663061368	20
unclassified	0.85	-0.05730788663061368	20
partial	0.85	-0.05730788663061368	40
credible	0.8482758620689655	-0.059338344180995546	145
administrative	0.8472222222222222	-0.06058121197558282	72
substantial	0.8466257668711656	-0.06128547278239637	163
younger	0.8461538461538461	-0.06184304179600489	169
uncovered	0.8461538461538461	-0.06184304179600489	91
self-proclaimed	0.8461538461538461	-0.06184304179600489	13
longer-term	0.8461538461538461	-0.06184304179600489	13
one-term	0.8461538461538461	-0.06184304179600489	13
nuanced	0.8461538461538461	-0.06184304179600489	13
disingenuous	0.8461538461538461	-0.06184304179600489	13
innocuous	0.8461538461538461	-0.06184304179600489	13
biblical	0.8461538461538461	-0.06184304179600489	13
hispanic	0.8449612403100775	-0.06325347926536716	129
democratic	0.844212962962963	-0.06413944756231439	4320
youngest	0.84375	-0.06468799392823618	32
definitive	0.84375	-0.06468799392823618	32
oldest	0.8426966292134831	-0.06593721332866821	89
logical	0.8421052631578947	-0.06663921405949803	19
impressive	0.8409090909090909	-0.06806067840687541	44
cautious	0.84	-0.06914234427761652	50
precious	0.84	-0.06914234427761652	25
medical	0.8395904436860068	-0.06963003021754328	586
demographic	0.8387096774193549	-0.07067962359650287	31
unbelievable	0.8378378378378378	-0.07171966529191694	37
northern	0.837037037037037	-0.07267591685892763	135
small	0.8359375	-0.07399038659054968	640
manual	0.8333333333333334	-0.07711051392679331	18
treacherous	0.8333333333333334	-0.07711051392679331	12
energetic	0.8333333333333334	-0.07711051392679331	18
unstable	0.8333333333333334	-0.07711051392679331	18
unequivocal	0.8333333333333334	-0.07711051392679331	18
uneasy	0.8333333333333334	-0.07711051392679331	30
feasible	0.8333333333333334	-0.07711051392679331	12
facial	0.8333333333333334	-0.07711051392679331	12
rational	0.8333333333333334	-0.07711051392679331	48
monetary	0.8333333333333334	-0.07711051392679331	36
inexperienced	0.8333333333333334	-0.07711051392679331	12
punishable	0.8333333333333334	-0.07711051392679331	12
visceral	0.8333333333333334	-0.07711051392679331	12
high-powered	0.8333333333333334	-0.07711051392679331	18
synonymous	0.8333333333333334	-0.07711051392679331	12
expletive	0.8333333333333334	-0.07711051392679331	12
co-authored	0.8333333333333334	-0.07711051392679331	18
unambiguous	0.8333333333333334	-0.07711051392679331	12
hilarious	0.8333333333333334	-0.07711051392679331	12
idiotic	0.8333333333333334	-0.07711051392679331	12
old	0.8324697754749568	-0.0781473206552336	579
formidable	0.8292682926829268	-0.08200049922098519	41
unsafe	0.8285714285714286	-0.08284118863577834	35
rural	0.8284023668639053	-0.08304524944660782	169
occasional	0.8260869565217391	-0.08584419389554793	46
parliamentary	0.8235294117647058	-0.08894497157379616	34
unwelcome	0.8235294117647058	-0.08894497157379616	17
much-needed	0.8235294117647058	-0.08894497157379616	17
biological	0.8214285714285714	-0.09149925137889298	28
spanish	0.819672131147541	-0.09363981587800382	61
black	0.8189655172413793	-0.09450225663866244	696
foolish	0.8181818181818182	-0.09545965259498984	44
smithsonian	0.8181818181818182	-0.09545965259498984	11
athletic	0.8181818181818182	-0.09545965259498984	11
immoral	0.8181818181818182	-0.09545965259498984	22
wealthiest	0.8181818181818182	-0.09545965259498984	44
parliamentarian	0.8181818181818182	-0.09545965259498984	11
ubiquitous	0.8181818181818182	-0.09545965259498984	11
charismatic	0.8181818181818182	-0.09545965259498984	11
unhelpful	0.8181818181818182	-0.09545965259498984	11
liable	0.8181818181818182	-0.09545965259498984	22
infectious	0.8181818181818182	-0.09545965259498984	11
30-year	0.8181818181818182	-0.09545965259498984	11
favorable	0.8166666666666667	-0.09731322124431281	120
sic	0.8163265306122449	-0.09772980112952902	49
nasty	0.8163265306122449	-0.09772980112952902	49
co-founded	0.8148148148148148	-0.09958336977885199	27
17-year-old	0.8148148148148148	-0.09958336977885199	27
unidentified	0.8125	-0.10242832191108316	32
tactic	0.8115942028985508	-0.10354377099494885	69
older	0.8111111111111111	-0.10413918631471265	90
undecided	0.8095238095238095	-0.10609805080004558	42
appalled	0.8095238095238095	-0.10609805080004558	42
obama-created	0.8095238095238095	-0.10609805080004558	21
young	0.809255079006772	-0.10643006713829933	886
well-known	0.8082191780821918	-0.10771095437551034	73
unsustainable	0.8076923076923077	-0.10836305743089773	26
overdue	0.8076923076923077	-0.10836305743089773	26
15-year-old	0.8076923076923077	-0.10836305743089773	26
busy	0.8073394495412844	-0.10880002488377583	109
courageous	0.8048780487804879	-0.11185346237066625	41
voluntary	0.8035714285714286	-0.11347815809766816	56
disappointed	0.8032786885245902	-0.11384252319552333	183
viral	0.8026315789473685	-0.11464843324585847	76
palatable	0.8	-0.11793250844704842	10
apolitical	0.8	-0.11793250844704842	10
seminal	0.8	-0.11793250844704842	10
understandable	0.8	-0.11793250844704842	25
unfamiliar	0.8	-0.11793250844704842	10
specialized	0.8	-0.11793250844704842	25
election-related	0.8	-0.11793250844704842	15
illogical	0.8	-0.11793250844704842	10
unwarranted	0.8	-0.11793250844704842	10
stumble	0.8	-0.11793250844704842	15
36-year-old	0.8	-0.11793250844704842	10
vatican	0.8	-0.11793250844704842	20
unprovoked	0.8	-0.11793250844704842	10
ineligible	0.8	-0.11793250844704842	10
zealous	0.8	-0.11793250844704842	10
evasive	0.8	-0.11793250844704842	10
culpable	0.8	-0.11793250844704842	10
live	0.797979797979798	-0.12046095480040711	495
sexual	0.7970791698693312	-0.12159022741581665	1301
unwanted	0.7966101694915254	-0.12217879932849952	59
antitrust	0.7954545454545454	-0.12363052956168628	44
uninsured	0.7931034482758621	-0.12659057119016295	29
hand-picked	0.7894736842105263	-0.1311777351970691	19
statistical	0.7894736842105263	-0.1311777351970691	19
private	0.7884256378344742	-0.13250614254921225	1607
systemic	0.7857142857142857	-0.13595101394972683	14
unborn	0.7857142857142857	-0.13595101394972683	14
faith-based	0.7857142857142857	-0.13595101394972683	14
uncomfortable	0.7843137254901961	-0.13773513574322818	102
large-scale	0.782608695652174	-0.1399114151658237	23
consensual	0.7777777777777778	-0.14610338541374476	36
overwhelmed	0.7777777777777778	-0.14610338541374476	27
superior	0.7777777777777778	-0.14610338541374476	45
clinical	0.7777777777777778	-0.14610338541374476	18
27-year-old	0.7777777777777778	-0.14610338541374476	18
underwear	0.7714285714285715	-0.15430015261792324	35
loose	0.7692307692307693	-0.1571532216003297	65
erroneous	0.7692307692307693	-0.1571532216003297	13
virtual	0.7692307692307693	-0.1571532216003297	39
equal	0.7681159420289855	-0.15860354817797626	138
healthy	0.7678571428571429	-0.1589405321744254	112
unofficial	0.7647058823529411	-0.16305294372751808	17
hypocritical	0.7647058823529411	-0.16305294372751808	34
lucrative	0.7619047619047619	-0.1667226726164805	42
valid	0.7619047619047619	-0.1667226726164805	63
disabled	0.7619047619047619	-0.1667226726164805	42
gross	0.7580645161290323	-0.17177574046787175	62
vice-presidential	0.7575757575757576	-0.17242069373111815	33
state-owned	0.75	-0.18247102958461958	16
behavioral	0.75	-0.18247102958461958	20
state-sponsored	0.75	-0.18247102958461958	12
tangible	0.75	-0.18247102958461958	12
anti-war	0.75	-0.18247102958461958	12
washingtonian	0.75	-0.18247102958461958	16
practical	0.7450980392156863	-0.18902843013077875	51
graphic	0.7441860465116279	-0.19025317002667463	43
english	0.7410714285714286	-0.19444722063133532	112
unfavorable	0.7407407407407407	-0.19489354958317678	54
creative	0.7407407407407407	-0.19489354958317678	27
gubernatorial	0.7372262773722628	-0.1996493661197042	137
abusive	0.7291666666666666	-0.210641906551316	48
small-dollar	0.7272727272727273	-0.21324268825137327	11
62-year-old	0.7272727272727273	-0.21324268825137327	11
lest	0.7272727272727273	-0.21324268825137327	11
80-year-old	0.7272727272727273	-0.21324268825137327	11
exceptional	0.7241379310344828	-0.2175623493958897	29
married	0.7239819004524887	-0.21777784341676457	221
indicative	0.7222222222222222	-0.22021135756746674	18
years-long	0.7142857142857143	-0.23126119375405163	21
traumatic	0.7142857142857143	-0.23126119375405163	14
retail	0.7142857142857143	-0.23126119375405163	21
visual	0.7142857142857143	-0.23126119375405163	14
forgive	0.7083333333333334	-0.23962944342456827	24
unprofessional	0.7058823529411765	-0.24309565140105438	17
scottish	0.7058823529411765	-0.24309565140105438	17
bisexual	0.7058823529411765	-0.24309565140105438	17
assertive	0.7	-0.2514639010715712	10
visionary	0.7	-0.2514639010715712	10
1-year-old	0.7	-0.2514639010715712	10
structural	0.6923076923076923	-0.26251373725815613	13
naked	0.6923076923076923	-0.26251373725815613	26
20-year-old	0.6875	-0.2694824065742494	16
consolidated	0.6875	-0.2694824065742494	16
native	0.6848484848484848	-0.2733466123210789	165
18-year-old	0.6818181818181818	-0.27778120938894457	22
depressed	0.68	-0.28045143794482336	25
distressed	0.6666666666666666	-0.3002540652410032	12
five-year-old	0.6666666666666666	-0.3002540652410032	15
16-year-old	0.6666666666666666	-0.3002540652410032	15
educational	0.6538461538461539	-0.3196721510981046	52
foreign-born	0.6470588235294118	-0.3301070283906842	34
elementary	0.6444444444444445	-0.3341556169166844	45
30-year-old	0.6428571428571429	-0.33662170941187786	14
thoughtful	0.6304347826086957	-0.3561345236354596	46
oral	0.625	-0.36479258637857426	56
32-year-old	0.625	-0.36479258637857426	16
10-year-old	0.6	-0.4056145808988294	10
mayoral	0.5789473684210527	-0.4413326635009086	19
obese	0.5714285714285714	-0.4544047450682615	14
genetic	0.5625	-0.47015310203640054	16
then-secretary	0.5454545454545454	-0.5009247607031543	11
ambiguous	0.5217391304347826	-0.5453765232739881	23
lesbian	0.5135135135135135	-0.5612678906106228	37
much-anticipated	0.4666666666666667	-0.6569290091797354	15
thew-pool/getty	0.45454545454545453	-0.6832463174971088	11
permissible	0.42857142857142855	-0.7420868175200424	21
northwestern	0.4	-0.8110796890069937	20
occupational	0.4	-0.8110796890069937	15
gorgeous	0.4	-0.8110796890069937	10
nutritious	0.4	-0.8110796890069937	10
transitional	0.3333333333333333	-0.9934012458009485	12
12-year-old	0.3333333333333333	-0.9934012458009485	24
ugenti-rita	0.32	-1.0342232403212035	25
georgian	0.2	-1.504226869566939	10
work-related	0.2	-1.504226869566939	30
nicky	0.058823529411764705	-2.7280023011890546	17
